      1000       3995     331491
      1500       4661     129010
      2250       8267     356851
      3375      11444     230468
      5062      17134     349452
      7593      28501     775948
     11389      36493     764596
     17083      65561    1147673
     25624      82791    1630712
     38436     135055    2382282
     57654     207684    4084460
     86481     283434    5366096
    129721     510508    9863766
    194581     604273   12823640
    291871    1064734   18091307
    437806    1505635   31811224
    656709    2208375   46339697
    985063    3732436   83669467
